10 20 30 40 50 60 70 80 90
15.74 14.42 13.34 12.34 11.45 10.64 9.91 9.18 8.48
2.76 2.67 2.59 2.51 2.44 2.36 2.29 2.22 2.13 
10 20 30 40 50 60 70 80 90 100 110 120 130 140 150 160
15.36 14.56 14.09 13.75 13.52 13.29 13.10 12.88 12.69 12.49 12.30 12.08 11.45 11.24 11.02 10.81
2.73 2.68 2.65 2.62 2.60 2.59 2.57 2.56 2.54 2.52 2.51 2.49 2.44 2.42 2.40 2.38
10 20 30 40 50 60 70 80 90 100 110 120 130 140 150 160 170 180 190 200
15.06 14.53 14.19 13.93 13.71 13.54 13.38 13.21 12.94 12.84 12.70 12.49 12.28 12.08 11.88 11.67 11.48 11.28 11.07 10.47
2.71 2.68 2.65 2.63 2.62 2.61 2.59 2.58 2.56 2.55 2.54 2.52 2.51 2.49 2.47 2.46 2.44 2.42 2.40 2.35 
10 20 30 40 50 60 70 80 90 100 110 120 130 140 150 160 170 180 190 200 210
15.97 15.43 15.00 14.74 14.53 14.31 14.04 13.92 13.72 13.55 13.37 13.16 12.98 12.77 12.55 12.34 12.15 11.92 11.71 11.49 11.27
2.77 2.74 2.71 2.69 2.68 2.66 2.64 2.63 2.62 2.61 2.59 2.58 2.56 2.55 2.53 2.51 2.50 2.48 2.46 2.44 2.42
10 20 30 40 50 60 70 80 90 100 110 120 130 140 150 160 170 180 190 200 210
15.25 15.02 14.84 14.68 14.62 14.40 14.27 14.16 14.03 13.93 13.81 13.70 13.59 13.47 13.35 13.25 13.14 13.03 12.51 12.38 13.26 
2.72 2.71 2.70 2.69 2.68 2.67 2.66 2.65 2.64 2.63 2.63 2.62 2.61 2.60 2.59 2.58 2.58 2.57 2.53 2.52 2.51